1
2
3
4
5
6
7
8
9
10
11
12
15
16
17
18
19
20
21
22
23
24
25
27
28
29
30
31
32
33
34
35
36
37
38
39
40
41
42
43
44
45
46
47
49
51
52
53
54
55
56
57
59
61
63
64
65
66
67
68
69
71
72
73
74
75
76
77
79
80
81
83
84
85
86
87
88
89
90
91
94
95
96
97
99
100
101
102
103
104
105
106
107
108
109
110
111
112
113
114
115
116
117
118
119
120
122
123
124
125
127
128
130
132
133
134
135
137
139
140
141
142
143
144
145
147
148
149
151
152
153
154
155
156
157
160
161
162
163
164
165
167
168
169
171
172
173
174
175
177
178
179
180
181
183
184
185
186
187
189
190
193
194
195
196
197
199
200
201
202
203
204
205
206
207
208
209
210
211
212
213
214
215
216
217
218
219
220
221
222
223
224
225
226
227
228
229
230
231
233
234
235
236
237
238
239
240
241
242
243
244
245
246
247
248
249
250
251
252
253
254
255
256
257
258
259
260
261
262
263
264
265
266
267
268
269
270
271
272
273
274
275
276
277
278
279
280
281
282
283
284
285
286
287
288
289
291
292
294
295
296
297
298
299
300
301
302
303
304
305
306
307
308
309
310
311
312
313
314
315
316
317
318
319
320
321
322
323
324
325
326
327
328
329
330
331
332
333
334
335
336
337
338
339
340
341
342
343
344
345
346
347
348
349
350
351
352
353
354
355
356
357
358
359
360
361
362
363
364
365
366
367
368
369
370
371
372
373
374
375
376
377
378
379
380
381
382
383
384
385
386
387
388
389
390
391
392
393
394
395
397
398
399
400
401
402
403
404
405
406
407
408
409
410
411
412
413
414
415
416
417
418
419
420
421
422
423
424
425
426
427
428
429
430
431
432
433
434
435
436
437
438
439
440
441
442
443
444
445
446
447
448
449
450
451
452
453
454
455
456
457
458
459
460
461
462
463
464
465
466
467
468
469
470
471
472
473
475
476
477
478
479
480
481
482
483
485
486
487
488
489
490
491
492
493
494
495
496
497
498
499
500
501
502
503
504
505
506
507
508
509
510
511
512
513
514
515
516
517
518
519
520
521
522
523
524
525
526
527
528
529
530
531
532
533
534
535
536
537
538
539
540
541
542
543
544
545
546
547
548
549
550
551
552
553
554
555
556
557
558
559
560
561
562
563
564
565
566
567
568
569
570
571
572
573
574
575
576
577
578
579
580
581
583
584
586
587
588
589
590
591
592
593
594
595
596
597
598
599
600
601
602
604
605
606
607
608
611
612
613
614
615
616
617
618
619
620
621
622
623
624
625
626
627
628
629
630
631
632
633
634
635
636
638
639
640
641
642
643
644
645
646
647
648
649
650
651
652
653
654
655
656
657
658
659
660
661
662
663
664
665
667
668
669
670
671
672
673
674
675
676
677
678
679
680
681
682
683
684
685
686
687
688
689
690
691
692
693
694
695
696
697
698
699
700
701
702
703
704
705
706
707
708
709
711
712
713
714
715
716
717
718
719
720
721
722
725
726
727
728
729
730
731
732
733
734
735
736
737
738
739
740
741
742
743
744
745
746
748
749
750
751
752
753
754
755
756
758
759
760
761
762
763
764
765
766
768
769
770
771
772
773
774
775
776
777
778
779
780
781
782
783
784
785
786
787
788
789
790
791
792
793
794
795
796
797
798
799
800
801
802
803
804
805
806
807
808
809
810
812
813
814
815
816
817
818
819
820
821
822
824
825
829
830
831
832
833
834
835
837
838
839
840
841
842
843
847
848
849
850
851
852
853
854
855
856
857
858
859
861
862
863
864
866
867
869
871
872
873
874
876
877
878
879
881
882
883
884
885
887
888
890
891
892
893
894
895
896
900
901
904
905
906
908
909
910
912
914
915
917
918
919
920
921
923
924
925
926
927
928
929
930
931
933
935
936
938
939
940
942
944
945
946
947
950
951
952
954
955
956
957
958
959
960
961
962
963
966
967
969
970
971
972
974
975
977
978
979
980
981
983
984
985
986
987
988
989
990
991
992
993
994
995
996
997
998
999
1000
1001
1002
1003
1004
1006
1008
1009
1010
1011
1012
1013
1014
1015
1016
1017
1018
1019
1020
1021
1022
1023
1024
1025
1026
1027
1028
1029
1030
1031
1032
1033
1034
1035
1036
1037
1038
1039
1040
1041
1042
1043
1044
1045
1047
1048
1049
1051
1052
1053
1054
1055
1057
1058
1059
1060
1061
1062
1063
1064
1065
1066
1067
1069
1070
1071
1072
1073
1074
1075
1076
1077
1078
1079
1080
1081
1083
1084
1085
1086
1087
1088
1089
1090
1091
1092
1093
1094
1095
1096
1097
1098
1099
1100
1101
1102
1103
1104
1105
1106
1107
1108
1109
1110
1111
1112
1113
1114
1115
1116
1117
1118
1119
1120
1121
1122
1123
1124
1125
1126
1127
1128
1129
1130
1131
1132
1133
1134
1135
1136
1137
1138
1139
1140
1141
1142
1143
1144
1145
1146
1147
1148
1149
1150
1151
1152
1153
1154
1155
1156
1157
1158
1159
1160
1161
1162
1163
1164
1165
1166
1167
1168
1169
1170
1171
1172
1173
1174
1175
1176
1177
1178
1179
1180
1181
1182
1183
1184
1185
1186
1187
1188
1189
1190
1191
1192
1193
1194
1195
1196
1197
1198
1199
1200
1201
1202
1203
1204
1205
1206
1207
1208
1209
1210
1211
1212
1214
1215
1216
1217
1218
1219
1220
1221
1222
1223
1224
1225
1226
1227
1228
1229
1230
1231
1232
1233
1234
1235
1236
1237
1238
1239
1240
1241
1242
1243
1244
1245
1246
1247
1248
1249
1250
1251
1252
1253
1254
1255
1256
1257
1258
1259
1261
1262
1263
1264
1265
1266
1267
1268
1269
1270
1271
1272
1273
1274
1275
1276
1277
1278
1279
1280
1281
1282
1283
1284
1285
1286
1287
1288
1289
1290
1291
1292
1293
1294
1295
1296
1297
1298
1299
1303
1305
1307
1308
1309
1311
1312
1318
1320
1321
1322
1325
1327
1328
1331
1335
1338
1339
1341
1344
1345
1346
1348
1350
1351
1352
1353
1354
1357
1358
1359
1360
1362
1365
1367
1368
1371
1373
1375
1377
1381
1383
1385
1386
1387
1389
1392
1394
1400
1401
1402
1403
1404
1405
1406
1407
1408
1409
1410
1411
1412
1414
1415
1416
1417
1418
1419
1420
1421
1422
1423
1424
1425
1426
1427
1428
1429
1430
1431
1433
1434
1435
1436
1437
1438
1439
1440
1441
1442
1443
1444
1445
1446
1447
1448
1449
1450
1451
1452
1453
1454
1455
1456
1457
1459
1460
1461
1462
1463
1464
1465
1466
1467
1468
1469
1471
1472
1473
1474
1475
1476
1477
1479
1480
1481
1482
1483
1484
1485
1486
1487
1489
1490
1491
1492
1493
1494
1495
1496
1497
1498
1499
1500
1501
1502
1503
1504
1505
1506
1507
1508
1509
1510
1511
1512
1514
1515
1516
1517
1518
1519
1521
1522
1523
1524
1525
1526
1527
1528
1529
1530
1531
1532
1533
1534
1535
1536
1539
1540
1541
1542
1543
1544
1545
1546
1547
1548
1549
1550
1551
1552
1553
1554
1555
1556
1557
1558
1559
1560
1561
1562
1563
1564
1565
1566
1567
1568
1569
1570
1571
1572
1573
1574
1575
1576
1577
1578
1579
1580
1581
1583
1584
1585
1586
1587
1588
1589
1591
1592
1593
1594
1595
1596
1597
1598
1599
1600
1601
1602
1603
1604
1605
1606
1607
1608
1609
1610
1611
1612
1613
1614
1615
1616
1617
1618
1619
1621
1622
1623
1624
1625
1626
1627
1628
1629
1630
1631
1632
1633
1634
1635
1636
1637
1638
1639
1640
1641
1642
1643
1644
1645
1646
1647
1648
1649
1651
1653
1654
1655
1656
1657
1658
1659
1661
1662
1663
1664
1665
1666
1667
1668
1669
1670
1671
1672
1673
1674
1675
1676
1677
1678
1679
1680
1681
1682
1683
1684
1685
1686
1687
1688
1689
1690
1691
1692
1693
1694
1695
1696
1697
1698
1699
1700
1701
1702
1703
1704
1705
1706
1707
1708
1709
1710
1711
1712
1713
1714
1715
1716
1717
1718
1719
1720
1721
1722
1723
1724
1725
1726
1727
1728
1729
1730
1731
1732
1733
1734
1735
1736
1737
1738
1739
1740
1741
1742
1743
1744
1745
1746
1747
1748
1750
1751
1752
1753
1757
1758
1759
1760
1761
1762
1765
1767
1768
1769
1771
1772
1773
1774
1775
1777
1778
1779
1780
1781
1783
1785
1786
1787
1789
1790
1791
1794
1795
1798
1801
1802
1805
1806
1807
1808
1809
1811
1813
1815
1816
1817
1818
1819
1821
1823
1825
1830
1831
1832
1833
1834
1835
1836
1837
1838
1839
1841
1842
1843
1845
1847
1848
1849
1850
1853
1854
1855
1857
1859
1860
1861
1863
1865
1868
1869
1871
1873
1875
1877
1879
1880
1881
1882
1883
1884
1885
1886
1887
1888
1889
1890
1891
1892
1895
1896
1897
1899
1901
1902
1903
1904
1905
1907
1909
1911
1912
1915
1917
1919
1920
1921
1923
1924
1925
1927
1928
1930
1932
1933
1935
1936
1938
1939
1942
1943
1944
1945
1946
1947
1949
1951
1953
1955
1956
1958
1959
1963
1964
1965
1967
1970
1971
1972
1973
1975
1978
1979
1982
1983
1984
1986
1987
1989
1993
1995
1997
1998
1999
2001
2002
2003
2006
2007
2008
2009
2010
2013
2014
2017
2019
2020
2021
2023
2027
2028
2029
2030
2034
2037
2038
2039
2041
2042
2043
2044
2045
2046
2047
2048
2049
2052
2053
2054
2055
2056
2057
2058
2059
2060
2062
2063
2065
2067
2068
2069
2070
2071
2072
2073
2074
2075
2076
2077
2079
2081
2082
2083
2085
2086
2087
2088
2090
2093
2094
2095
2097
2098
2099
2101
2108
2111
2113
2114
2115
2116
2118
2119
2120
2121
2122
2124
2126
2127
2128
2129
2130
2131
2132
2134
2136
2137
2138
2139
2140
2142
2143
2144
2145
2146
2147
2148
2149
2150
2151
2152
2153
2154
2155
2156
2157
2158
2159
2160
2161
2162
2163
2164
2165
2166
2167
2169
2170
2171
2173
2174
2175
2177
2179
2180
2181
2183
2184
2185
2187
2189
2190
2191
2193
2195
2197
2202
2205
2213
2214
2215
2217
2219
2222
2223
2226
2227
2231
2236
2239
2242
2243
2245
2247
2249
2252
2253
2254
2261
2263
2267
2269
2275
2278
2279
2280
2282
2283
2284
2285
2297
2302
2303
2304
2305
2307
2311
2312
2314
2315
2319
2320
2322
2323
2327
2330
2331
2335
2337
2339
2343
2344
2345
2347
2351
2352
2355
2356
2357
2361
2363
2366
2370
2372
2375
2377
2379
2380
2381
2383
2384
2387
2389
2390
2391
2392
2393
2395
2396
2402
2404
2405
2407
2418
2420
2421
2422
2430
2431
2436
2437
2441
2442
2443
2444
2445
2446
2448
2449
2450
2451
2452
2453
2454
2455
2457
2458
2459
2460
2461
2462
2463
2465
2466
2470
2471
2478
2480
2481
2482
2485
2487
2488
2493
2497
2498
2499
2500
2502
2504
2505
2506
2508
2511
2512
2514
2516
2517
2518
2520
2521
2522
2523
2526
2528
2529
2534
2537
2546
2548
2551
2552
2554
2568
2571
2573
2576
2577
2578
2579
2580
2581
2582
2583
2590
2591
2593
2594
2595
2596
2598
2599
2602
2603
2606
2609
2625
2631
2639
2649
2651
2655
2656
2658
2663
2664
2671
2677
2680
2692
2693
2698
2699
2702
2705
2707
2714
2729
2741
2748
2751
2756
2773
2774
2789
2793
2796
2801
2802
2805
2806
2807
2809
2810
2815
2817
2818
2827
2832
2837
2839
2840
2842
2868
2870
2876
2885
2889
2890
2900
2901
2902
2903
2904
2905
2906
2907
2908
2909
2910
2911
2912
2913
2914
2915
2916
2917
2918
2919
2921
2922
2923
2924
2925
2926
2927
2928
2931
2932
2933
2934
2935
2936
2937
2938
2939
2940
2941
2942
2943
2944
2945
2946
2949
2950
2951
2953
2954
2958
2959
2960
2963
2965
2967
2971
2973
2988
2996
3011
3015
3018
3021
3026
3032
3037
3040
3043
3044
3048
3049
3052
3060
3063
3066
3069
3070
3072
3074
3075
3085
3086
3089
3094
3107
3114
3116
3127
3128
3133
3134
3135
3136
3142
3143
3149
3155
3170
3199
3200
3202
3209
3211
3216
3218
3221
3223
3226
3230
3231
3244
3255
3256
3257
3258
3259
3260
3261
3263
3264
3265
3266
3267
3268
3269
3270
3271
3272
3273
3274
3281
3282
3283
3284
3285
3286
3287
3289
3290
3291
3292
3293
3294
3295
3296
3297
3298
3299
3300
3301
3302
3303
3304
3305
3306
3307
3308
3309
3310
3311
3312
3313
3314
3315
3316
3317
3318
3319
3320
3321
3322
3323
3324
3325
3326
3327
3328
3329
3330
3331
3334
3335
3336
3338
3340
3341
3342
3343
3347
3349
3350
3351
3352
3353
3354
3355
3357
3358
3359
3360
3361
3362
3363
3364
3365
3367
3368
3369
3370
3371
3372
3373
3374
3375
3376
3377
3380
3381
3383
3384
3385
3386
3387
3388
3391
3392
3393
3395
3396
3397
3398
3399
3400
3401
3402
3403
3404
3405
3407
3409
3410
3411
3412
3413
3414
3415
3416
3418
3419
3420
3421
3422
3423
3424
3425
3426
3427
3428
3429
3432
3433
3436
3437
3438
3439
3440
3441
3442
3443
3444
3445
3446
3448
3450
3452
3453
3455
3459
3460
3461
3463
3464
3465
3466
3470
3472
3473
3474
3475
3476
3478
3480
3482
3483
3486
3487
3488
3489
3490
3492
3493
3494
3495
3496
3497
3498
3500
3501
3504
3505
3506
3507
3508
3509
3511
3512
3513
3514
3516
3517
3518
3519
3521
3523
3525
3526
3527
3528
3529
3530
3531
3532
3533
3535
3537
3538
3539
3540
3542
3544
3546
3547
3550
3551
3552
3553
3555
3556
3565
3566
3567
3569
3572
3573
3574
3576
3578
3579
3580
3581
3582
3583
3584
3585
3586
3587
3588
3589
3590
3591
3593
3594
3595
3596
3597
3599
3601
3603
3604
3605
3606
3607
3608
3609
3610
3611
3613
3614
3615
3616
3618
3621
3622
3623
3625
3627
3629
3632
3633
3635
3636
3637
3638
3639
3640
3641
3642
3643
3644
3646
3648
3650
3651
3652
3653
3655
3656
3658
3660
3661
3662
3663
3664
3667
3669
3670
3671
3673
3674
3675
3676
3678
3681
3682
3685
3689
3691
3694
3695
3696
3697
3698
3699
3702
3704
3705
3709
3712
3713
3714
3716
3718
3719
3720
3721
3725
3726
3728
3729
3730
3734
3736
3737
3738
3739
3741
3742
3744
3745
3748
3749
3750
3754
3755
3759
3760
3761
3762
3765
3766
3767
3768
3769
3771
3775
3778
3783
3785
3787
3788
3790
3791
3792
3793
3795
3798
3799
3802
3805
3806
3807
3808
3809
3810
3811
3812
3813
3814
3815
3816
3817
3818
3819
3820
3821
3822
3823
3824
3825
3826
3827
3828
3829
3830
3831
3832
3833
3834
3835
3836
3837
3838
3839
3840
3841
3842
3843
3844
3845
3846
3847
3848
3849
3850
3851
3852
3853
3854
3855
3856
3857
3858
3864
3865
3867
3868
3871
3872
3874
3876
3878
3879
3880
3881
3884
3885
3895
3899
3902
3903
3904
3907
3910
3913
3915
3916
3917
3920
3923
3925
3926
3927
3928
3932
3935
3937
3938
3939
3940
3941
3942
3943
3944
3945
3947
3951
3952
3953
3955
3958
3959
3960
3961
3962
3965
3968
3969
3970
3971
3973
3977
3981
3982
3983
3985
3986
3988
3990
3992
3993
3995
3996
3998
3999
4001
4003
4005
4010
4013
4014
4019
4023
4025
4027
4029
4031
4033
4037
4044
4047
4051
4059
4060
4061
4064
4065
4078
4079
4081
4082
4083
4085
4086
4087
4088
4089
4090
4091
4092
4093
4094
4095
4096
4097
4098
4099
4100
4101
4103
4104
4105
4106
4107
4108
4109
4110
4111
4112
4113
4114
4115
4116
4117
4118
4119
4120
4121
4122
4124
4125
4126
4127
4128
4129
4130
4131
4132
4133
4134
4135
4136
4137
4138
4139
4140
4141
4142
4143
4144
4145
4146
4147
4148
4149
4150
4151
4152
4153
4154
4155
4156
4157
4158
4159
4160
4161
4162
4163
4164
4166
4168
4169
4170
4171
4172
4174
4175
4176
4177
4178
4179
4180
4181
4183
4185
4186
4187
4188
4189
4190
4191
4192
4193
4194
4195
4196
4197
4198
4199
4200
4201
4202
4203
4204
4205
4206
4207
4208
4209
4210
4211
4212
4213
4214
4215
4216
4218
4219
4220
4221
4222
4223
4224
4225
4226
4227
4228
4229
4230
4231
4232
4233
4234
4235
4237
4238
4239
4240
4241
4242
4243
4244
4245
4246
4247
4248
4249
4250
4251
4252
4253
4254
4255
4257
4258
4260
4261
4262
4263
4264
4266
4267
4268
4269
4270
4271
4272
4273
4274
4275
4276
4277
4278
4279
4280
4281
4282
4283
4284
4285
4286
4287
4290
4292
4293
4294
4295
4296
4297
4298
4299
4300
4301
4302
4303
4304
4305
4306
4308
4309
4312
4313
4315
4316
4317
4318
4319
4320
4321
4322
4323
4324
4325
4326
4327
4328
4329
4331
4333
4334
4335
4336
4337
4339
4340
4341
4342
4344
4346
4347
4348
4349
4350
4351
4352
4353
4354
4356
4357
4360
4361
4362
4363
4364
4365
4366
4367
4368
4369
4370
4371
4372
4373
4374
4375
4376
4377
4378
4380
4381
4382
4383
4384
4385
4386
4388
4389
4390
4391
4392
4393
4394
4395
4396
4397
4398
4399
4400
4401
4403
4404
4405
4406
4407
4408
4409
4410
4411
4412
4413
4414
4415
4416
4417
4418
4419
4420
4421
4422
4423
4424
4425
4426
4429
4430
4431
4432
4433
4434
4436
4437
4438
4440
4441
4442
4443
4444
4445
4446
4447
4448
4449
4450
4451
4453
4454
4456
4457
4458
4459
4460
4461
4462
4463
4464
4466
4470
4471
4472
4473
4474
4475
4478
4479
4480
4483
4484
4485
4486
4487
4490
4491
4492
4495
4497
4498
4499
4500
4502
4504
4505
4507
4508
4509
4510
4511
4512
4513
4514
4515
4516
4517
4518
4519
4520
4521
4522
4523
4525
4527
4528
4529
4530
4532
4533
4534
4535
4536
4537
4538
4539
4540
4541
4542
4543
4544
4546
4547
4548
4550
4551
4552
4553
4554
4555
4557
4558
4559
4560
4561
4562
4564
4565
4566
4567
4568
4569
4570
4571
4572
4573
4575
4576
4577
4579
4580
4581
4582
4583
4584
4585
4586
4587
4588
4589
4593
4594
4595
4596
4598
4599
4600
4601
4602
4603
4604
4605
4606
4607
4608
4609
4610
4612
4615
4616
4617
4619
4620
4621
4622
4623
4625
4626
4627
4628
4629
4630
4631
4632
4633
4634
4635
4636
4638
4640
4641
4642
4644
4645
4646
4647
4648
4649
4650
4651
4652
4654
4655
4657
4658
4659
4660
4661
4662
4663
4664
4665
4666
4667
4668
4669
4670
4671
4672
4674
4676
4677
4678
4679
4680
4681
4682
4684
4685
4686
4687
4688
4689
4690
4691
4692
4693
4694
4695
4696
4698
4699
4700
4701
4702
4703
4704
4705
4706
4707
4708
4709
4710
4711
4712
4714
4720
4728
4756
4844
4850
4859
4862
4864
4865
4866
4869
4871
4872
4874
4876
4878
4879
4880
4882
4885
4892
4893
4894
4895
4898
4899
4900
4901
4903
4905
4908
4909
4911
4913
4918
4922
4925
4928
4929
4931
4933
4935
4936
4937
4940
4941
4943
4945
4948
4949
4950
4952
4953
4960
4961
4962
4963
4966
4967
4969
4971
4972
4974
4975
4976
4977
4978
4980
4981
4983
4984
4985
4989
4990
4991
4993
4995
4997
4998
5003
5008
5010
5012
5015
5017
5020
5023
5025
5026
5029
5030
5031
5033
5035
5037
5038
5041
5043
5044
5048
5054
5057
5058
5059
5060
5062
5064
5067
5068
5069
5070
5071
5072
5073
5078
5079
5080
5083
5084
5085
5087
5091
5092
5095
5098
5099
5101
5104
5109
5114
5117
5118
5123
5124
5132
5133
5134
5137
5144
5147
5148
5149
5150
5156
5157
5161
5163
5164
5166
5167
5168
5169
5172
5173
5174
5177
5178
5179
5181
5182
5183
5189
5193
5195
5199
5203
5205
5207
5208
5209
5210
5211
5212
5213
5215
5216
5217
5218
5220
5222
5223
5229
5231
5233
5234
5237
5241
5242
5244
5245
5252
5254
5256
5258
5259
5263
5267
5268
5269
5273
5274
5275
5276
5277
5279
5282
5283
5286
5287
5288
5289
5292
5293
5294
5297
5298
5299
5301
5302
5304
5306
5309
5310
5311
5314
5317
5322
5325
5326
5327
5329
5333
5335
5337
5342
5343
5346
5348
5349
5355
5357
5358
5360
5363
5364
5369
5370
5371
5373
5378
5379
5381
5383
5386
5387
5388
5391
5392
5395
5403
5404
5405
5406
5407
5408
5409
5411
5412
5414
5417
5418
5423
5425
5429
5431
5432
5433
5437
5443
5445
5447
5451
5454
5455
5461
5462
5463
5465
5466
5469
5472
5475
5478
5479
5480
5483
5484
5485
5486
5489
5493
5500
5503
5505
5509
5510
5512
5513
5514
5525
5537
5539
5540
5541
5542
5543
5545
5549
5550
5557
5559
5560
5562
5563
5565
5567
5568
5569
5573
5574
5580
5583
5586
5590
5592
5594
5596
5599
5601
5602
5603
5604
5607
5610
5611
5614
5615
5621
5622
5623
5624
5626
5627
5629
5660
5661
5662
5663
5664
5666
5667
5668
5670
5672
5673
5674
5675
5676
5677
5678
5679
5680
5681
5682
5683
5689
5693
5694
5698
5699
5705
5708
5709
5710
5711
5712
5713
5714
5716
5731
5736
5739
5742
5745
5746
5747
5752
5764
5765
5766
5769
5790
5791
5792
5793
5795
5796
5797
5799
5801
5803
5804
5806
5810
5811
5812
5813
5814
5815
5816
5817
5818
5819
5821
5823
5824
5825
5826
5827
5828
5831
5832
5834
5837
5839
5840
5841
5844
5846
5854
5855
5856
5857
5858
5870
5873
5881
5884
5890
5892
5893
5894
5896
5897
5898
5899
5901
5904
5905
5906
5907
5909
5910
5913
5914
5915
5920
5921
5928
5930
5931
5940
5948
5951
5955
5956
5959
5963
5964
5965
5966
5968
5976
5977
5978
5983
6000
6001
6002
6012
6013
6027
6030
6041
6043
6046
6047
6049
6054
6055
6062
6065
6067
6068
6069
6073
6074
6078
6082
6093
6096
6101
6103
6114
6115
6120
6138
6140
6165
6167
6168
6171
6177
6180
6181
8500
